;
;
;                     This is the level file for the Linux version of "TrailBlazer"
;
;

; 0 Hole
; 1 Normal (1)
; 2 Speed Up
; 3 Reverse
; 4 Unreverse
; 5 Normal (2)
; 6 Slow Down
; 7 Jump
;
;
; This is level 1
;
LEVEL=1
;
15151
51515
15151
51515
15151
51515
15151
51515
15151
51515
15151
71717
05050
50505
05050
51515
17171
01110
01110
01110
11011
11011
11011
01110
01110
01110
11011
11011
11011
10001
10001
10001
10001
10001
10001
10001
11011
11011
11011
11011
15151
51515
15151
01010
01010
01010
01010
07070
00000
15151
51515
12121
52525
12121
51515
15151
51515
15151
51515
15151
51515
15151
21212
12121
51515
15151
61616
15151
01010
15151
01010
15151
01010
15151
51515
10101
71717
17171
71717
17171
71717
15151
11011
15151
51515
12121
21212
12121
21212
12121
21212
15151
51515
15151
51515
12121
21212
12121
21212
15151
51515
15151
51515
15151
10101
50505
10101
51515
15151
51515
01110
01110
01110
01110
11011
11011
11011
11011
01110
01110
01110
01110
07770
07770
01110
01110
07770
07770
00000
00200
00200
02220
02220
22222
22222
22222
02220
02220
00200
00100
00100
00100
00100
00100
10101
00100
20202
00100
10101
00700
00000
00000
01110
15151
51515
15151
01110
15151
51515
15151
51515
10101
51515
15151
71717
15151
01010
15151
51515
15151
51515
15151
51515
15151
77777
00000
22222
00200
77777
00000
66666
00100
11111
01010
11111
11111
00001
00001
11111
11111
10000
10000
11111
11111
00001
00001
11111
11111
10000
10000
11111
17171
71717
17171
71717
17171
00000
01110
01110
15151
51515
15151
51515
15151
51515
15151
51515
15151
51515
END
;
; This is level 2
;
LEVEL=2
;
51515
15151
51515
15151
15151
51515
15151
51515
15151
51515
15151
51515
15151
51515
15151
51515
15151
51515
15151
51515
77777
00000
22222
22222
77777
00000
00000
11111
26262
62626
26262
15151
51515
15151
51515
15151
11111
77777
00000
07770
00070
07770
07000
07770
00000
07070
07070
07770
07070
07070
00000
07070
07070
07770
07070
07770
00000
07770
07070
07070
07070
07070
00000
07070
07070
07070
07070
07770
00000
01110
01110
01110
11011
11011
11011
01110
01110
01110
01110
00100
00200
00100
00100
00100
01110
01110
01110
11711
11011
10001
10101
10101
10101
00100
00700
10001
11111
11111
51515
15151
51515
10001
51515
15151
11011
15151
01110
15151
51715
17171
51715
10101
11011
15151
51515
15151
51515
15151
07770
77777
77777
07770
00700
00000
01110
11111
11111
01110
01010
01010
01010
01010
07070
70707
07070
70707
07070
72727
27272
72727
27272
76767
67676
76767
67676
02020
02020
02220
07770
06660
06660
01110
01110
00100
00100
00100
01110
01110
51215
11111
10001
10001
10001
10001
10001
11111
11111
10001
10001
10001
11011
11111
11111
01110
01010
01010
01010
01110
01110
11111
12121
51515
15151
01010
15151
51215
15151
71717
15151
01010
15151
66666
51515
15151
51515
15151
51515
15151
01010
15151
51515
15151
51515
17171
00000
22222
22222
77777
00000
00000
43434
34343
66666
66666
51515
15151
66666
66666
51515
15151
51515
15151
51515
15151
51515
15151
51515
END
;
; This is level 3
;
LEVEL=3
;
15151
51515
15151
51515
15151
51515
15151
51515
15151
51515
15151
51515
15151
21212
25252
21212
77777
01010
50505
01010
57575
00000
11111
11111
01110
01110
01010
01010
11111
10101
10101
10001
11111
11111
11111
11711
11711
11711
17771
11111
17771
17111
17771
17111
17771
11111
17771
17111
11711
11171
17771
11111
11111
11111
10001
10101
10001
11111
01010
01010
01110
01110
01110
00700
00000
14141
51515
15151
51515
15151
51515
15151
01010
10101
01110
15151
51515
15151
51515
15151
71717
10101
01010
15151
51515
01110
01110
01110
51515
15151
51515
10101
50505
10101
51515
15151
51715
15151
01010
17171
51515
10101
51715
15151
01010
17171
51515
10101
77777
15151
51515
15151
51515
15151
51515
15151
21212
15151
51515
15151
22222
22222
77777
00000
00000
77777
77777
77000
77000
77777
77777
00077
00077
77777
77777
77000
77000
77777
77777
00077
00077
77777
77777
77000
77000
77777
77777
00077
00077
77777
77777
00000
00000
01110
01110
11111
11111
11111
10101
10101
10101
11111
11111
10101
10101
10101
11111
11111
10101
10101
10101
11111
11111
11111
11111
11011
11011
11011
34343
71717
00000
00000
77777
77777
43434
34343
22222
22222
15151
51515
17171
66666
15151
01010
15151
01010
15151
01010
12121
71717
15151
51515
10101
51515
10101
51515
22222
15151
51515
15151
51515
15151
51515
15151
51515
15151
51515
15151
51515
15151
END
;
; This is level 4
;
LEVEL=4
;
51515
15151
51515
15151
51515
15151
51515
15151
51515
15151
51515
15151
51515
15151
51515
15151
51515
15151
51515
12121
52525
12121
51515
17171
00000
00000
22022
22022
22022
02020
02220
02220
15151
51515
15151
01010
15151
51515
10101
51515
15151
51515
15151
11711
00000
00000
00070
00070
00070
00700
00700
00000
00070
00070
00000
00007
00007
00000
00007
00007
51515
15151
22222
15151
51515
15151
51515
15151
51515
15151
26262
62626
26262
15151
51515
15151
51515
15151
00100
00100
00100
00100
00100
01110
01110
01110
01010
01010
01010
07000
00000
00000
00100
00100
01110
01110
01110
01010
01010
01010
01010
01010
01010
07070
00000
00000
01010
01010
01010
01010
01010
01010
01010
07000
00000
00000
01010
01010
01010
01010
01010
01010
01010
01010
00070
00000
00000
11111
11111
11111
01110
01110
01110
11011
11011
11011
10001
10001
10001
10001
10001
10001
70000
00000
00000
77777
77777
77777
00700
00000
77777
77777
00000
00000
00001
00001
00001
00007
00000
00000
10001
11011
11111
11111
11111
51515
15151
51515
15151
51515
15151
51515
15151
51515
15151
51715
00000
11111
11711
00000
11111
17111
00000
11111
11711
00000
11111
11171
00000
11111
11117
00000
11111
11111
01110
01110
01110
11011
11011
11011
11011
11011
01110
01110
01110
00100
00100
01110
01110
01110
01110
00100
00100
01110
01110
01110
01110
00100
00100
00100
01110
01110
01010
01010
01010
01010
00000
01110
01110
51515
15151
51515
15151
43434
34343
43434
34343
51515
70007
00000
00000
70000
11111
10111
10111
10001
10101
10001
11111
10001
10111
10011
10111
10001
11111
11011
11011
11011
11011
10001
11111
10001
10111
10011
10111
10001
11111
15151
51515
15151
51515
15151
51515
15151
51515
15151
51515
15151
51515
END
;
; This is level 5
;
LEVEL=5
;
15151
51515
15151
51515
15151
51515
15151
51515
15151
51515
15151
51515
15151
51515
15151
51515
01010
01010
01010
01010
01010
01000
07000
00000
00000
00100
00100
00100
10101
10101
11111
11111
01010
01010
01010
01010
11111
11111
11011
10001
10001
10001
10001
11011
11111
15151
01010
15151
51515
10101
71717
04040
43434
34343
40404
34343
43434
04040
43434
11111
01110
01110
00100
00100
00100
00100
00100
01110
01110
01110
11111
11111
11111
10101
10101
10101
10101
10101
10101
10101
00001
00007
00000
00000
11111
11111
01110
01110
00100
00100
00100
01110
01110
01010
01010
01010
01010
01010
07000
00000
00000
14141
41414
14141
41414
15151
51515
15151
41414
14141
41414
14141
03330
03330
03330
03030
03030
03030
03030
07000
00000
00000
11111
01010
01010
01010
01010
01010
01000
07000
00000
00000
00300
00300
03330
03330
03030
03030
03030
03030
03000
07000
00000
00000
03000
03000
03000
03330
03330
00030
00030
00030
33330
33330
30000
30000
30000
30000
30000
70000
00000
00000
10000
10000
70000
10000
10101
10101
00100
00700
00000
00000
30003
30303
30303
30303
57775
30303
30303
30303
00007
00000
00000
01110
01110
11111
11111
11011
11011
11111
11711
00000
15151
51515
15151
51515
17171
00000
00000
00000
00300
43434
34343
43434
34343
43434
34343
17171
00000
00000
00000
11111
11111
01110
01110
00100
00100
00700
00000
00000
01010
01010
11111
15151
51515
15151
51515
15151
51515
15151
51515
15151
51515
15151
51515
22222
51515
15151
51515
15151
11711
11111
66666
66666
11111
01110
01110
00100
00100
01110
01110
01010
01010
01010
01010
04040
04040
04040
04040
07000
00000
00000
01010
01010
11111
11111
10101
51515
15151
51515
04040
07070
15151
51515
15151
51515
15151
50505
34343
43434
04040
43434
34343
51515
05050
51515
17171
50505
05050
50505
17171
07070
50505
15151
51515
15151
51515
15151
51515
15151
00300
00700
00700
07770
07770
77777
77777
77000
77000
77777
77777
00077
00077
77777
77777
15151
50505
10101
50505
15151
51515
15151
51515
15151
51515
15151
END
;
; This is level 6
;
LEVEL=6
;
15151
51515
15151
51515
15151
51515
15151
51515
15151
51515
15151
51515
15151
51515
15151
77077
00000
00000
00007
07000
00000
00007
00000
00000
77077
00000
00000
70707
00000
00000
00070
00000
00000
00070
00000
00000
00700
00000
00000
15151
51515
15151
51515
15151
00700
00000
00000
07770
07000
07000
07000
07000
07770
00000
07070
07070
07770
07070
07070
00000
07070
07070
07700
07070
07770
00000
07770
00700
00700
00700
07770
00000
07770
00070
07770
07000
07770
00000
00000
00700
00000
01010
01010
11011
10001
10001
10001
71717
17171
07070
00000
00000
11000
11000
01000
01000
07000
00000
00000
70707
00000
00000
00070
01110
01010
11011
70007
10001
10101
10000
10000
70000
00000
00100
01110
15151
51515
15151
00700
00000
01000
01000
07000
00000
01000
01000
01110
01110
00010
00010
06660
06660
22222
22222
07000
00000
00000
00700
00000
00000
07000
00000
00000
70007
00000
00000
07770
00000
00000
00700
01110
01110
01000
07000
00000
00000
11011
11011
51515
15151
51515
15151
51515
01010
01010
07070
00000
00000
10001
70000
00000
00000
07000
00000
00000
00700
01110
01110
00100
01110
17111
00070
11111
07070
00000
00000
00700
00000
00000
07000
00000
00000
00700
00000
00000
00010
11111
77770
70007
77770
70007
77770
00000
07770
77077
70007
77077
07770
00000
77777
00700
00700
00700
77777
00000
70007
70077
70707
77007
70007
00000
07770
77007
70077
70000
07770
00000
00700
00000
00700
00700
00700
00000
00100
01110
00111
00001
00011
00111
01110
11100
11000
10000
10000
10000
10001
10001
11011
01110
00100
00100
00100
00100
00700
00000
00000
01110
01010
01010
01000
07770
00000
01010
01010
07700
01010
07770
00000
01110
01000
01110
01000
07770
00000
01110
01010
01010
01000
07770
00000
00000
07770
00000
00000
10101
51515
05050
01010
11011
50505
70000
00000
00000
70000
00000
00000
70000
00000
00000
07000
00000
00000
00700
00000
00000
07070
00000
00000
00007
00000
00000
00001
00011
00111
01110
01110
01110
01110
01110
11011
10001
10000
10000
70000
00000
00000
07770
00000
00000
00700
00000
00000
00010
01110
11011
11011
01110
01110
11011
11011
77777
00000
00000
77777
00000
00000
77777
00000
00000
01110
00100
00100
00100
00700
00000
00000
51515
15151
51515
15151
51515
15151
51515
15151
51515
15151
51515
15151
51515
15151
51515
END
;
; This is level 7
;
LEVEL=7
;
15151
51515
15151
51515
15151
51515
15151
51515
15151
51515
15151
51515
05050
51515
15151
51515
11111
77777
00000
00000
11111
11111
01010
01010
11011
11011
11011
10001
10001
11111
11111
01010
01010
01010
01110
01110
01110
00100
00100
00700
00100
00100
00600
00100
00100
00700
00100
00100
00200
00100
00100
00300
00100
00100
00100
00100
00100
00100
10101
10101
10701
10101
10101
10101
10101
10101
10001
10001
10001
10001
10001
70000
00000
00000
30003
30003
30003
30103
30103
30103
00100
00100
00100
00700
00700
00000
30001
30001
30001
30001
30001
30001
30001
00007
00000
00000
01010
01010
01010
01010
00070
00000
00000
00100
00100
00100
00100
00100
00600
00100
00100
00100
00100
00100
00100
00100
00100
00300
00300
00300
10101
10101
10101
10701
10001
10001
10001
10101
10101
10701
00100
00100
00100
01110
01110
11111
15151
51515
15151
51515
07070
50505
05050
50505
17171
51515
05050
70707
15151
50505
07070
70707
07070
70707
07070
70707
07070
70707
07070
70707
07070
70707
07070
70707
07070
70707
07070
70707
51515
15151
51515
15151
72727
27272
72727
27272
25252
52525
25252
52525
65656
02020
25252
52525
20202
52525
27272
52525
20202
52525
25252
02020
27272
72727
00000
00000
25252
52525
25252
52525
25252
52525
25252
32323
23232
32323
25252
02020
11111
01110
01110
00700
00000
01010
01010
11111
43434
34343
43434
34343
43434
34343
43434
17171
43434
04040
43434
15751
43434
11011
10101
01110
11111
11111
11111
11111
11111
03330
03330
03330
03330
03030
03030
04040
04040
34343
43434
30003
30003
30003
30003
30003
70000
00000
03030
03030
03030
03030
03030
07070
00000
03030
03030
03030
03030
03030
00070
00000
00300
00300
00300
00300
00700
00000
01010
01010
01010
01010
01010
07000
00000
07070
00700
07070
00700
07070
00000
03330
03330
07770
00000
66666
22222
77777
66666
66666
76767
00000
22222
22222
76767
66666
22222
70707
43434
40404
40404
03330
03330
33033
15151
51515
15151
51515
15151
51515
15151
51515
15151
END
;
; This is level 8
;
LEVEL=8
;
15151
51515
15151
51515
15151
51515
15151
51515
15151
51515
15151
51515
15151
01010
11111
77777
00000
00000
07070
07070
07770
07070
07070
00000
07770
07000
07700
07000
07770
00000
07770
07000
07000
07000
07000
00000
07770
07000
07000
07000
07000
00000
07770
07070
07070
07070
07770
00000
00700
00000
00700
00700
00700
00700
00000
00000
15151
51515
15151
01010
05050
51515
34343
43434
10101
50505
15151
11011
33033
43434
17171
51515
05050
51515
15151
71717
15151
50505
15151
01010
15151
11711
10101
51515
15151
01010
01010
01010
07770
00100
10001
11111
10001
70000
00000
11111
11111
11011
10001
10001
10001
10001
00007
00000
00000
70707
70707
70707
70707
70707
70707
00007
00000
10000
11000
11111
11111
11111
74747
11111
11111
11111
10101
10101
11111
11111
01010
01010
01010
11111
11111
03330
03330
03330
00100
00100
00100
00700
00000
03010
07070
07070
00000
00700
00000
00000
07070
00000
00000
00700
00000
00000
07000
00000
00000
07070
00000
00000
70007
00000
00000
70707
00000
00000
00700
00000
00000
07070
00000
77777
70007
70077
70000
77777
00000
70007
70070
77777
70007
77777
00000
77777
70000
77700
70000
77777
00000
70007
70707
77777
77077
70007
00000
77777
70007
70000
70000
77000
00000
07770
00700
00700
00700
07770
00000
70007
70077
70707
77007
70007
00000
01010
01010
11111
11111
11011
11011
01010
01010
01010
01010
00070
00000
00000
11111
11111
10001
10001
10101
10101
10101
10101
70707
00000
10101
10101
10101
10101
70007
70007
70007
70007
70007
70707
70707
70707
70707
00007
00700
00000
11111
51515
05050
51515
15151
50505
11111
11111
11111
11111
01110
01110
01110
01110
00100
00100
00100
00100
00700
00000
07070
07070
00000
10101
10101
11111
01110
01110
01110
01110
01110
15151
51515
15151
51515
77777
00000
00000
70707
00000
00000
07070
00000
00000
00700
00000
00000
70707
00000
00000
00700
00000
00000
07070
00000
00000
00007
00000
00000
00070
00000
00000
07770
00000
00000
07000
00000
00000
11111
11111
01010
01010
01010
51515
15151
51515
15151
51515
15151
51515
15151
51515
15151
51515
15151
END
;
; This is level 9
;
LEVEL=9
;
15151
51515
15151
51515
15151
51515
15151
51515
22222
07770
07770
00700
70707
70707
70707
77777
00700
00700
00700
77777
77777
70007
70007
70007
77077
77077
07070
07770
07770
07070
07070
07070
07770
07770
00700
00700
70707
70707
77777
07770
07770
07070
77077
77077
77777
71117
71117
71117
71117
71117
77777
77777
17171
17171
17171
17171
07070
07070
77777
77777
07070
07070
07070
77077
77077
10001
10001
10001
10001
70007
10001
10101
10101
10101
10101
00700
10101
10101
10101
10101
70007
10101
00100
10101
10101
10101
10701
10101
10001
10101
10101
10101
10101
10101
00007
00000
00000
11111
70707
07070
70707
07070
70707
07070
70707
07070
70707
07070
70707
07070
70707
07070
11111
11111
17771
11171
17771
17111
17771
11111
17171
17171
17771
17171
17171
11111
17171
17171
17771
07070
17771
11111
17771
17171
17171
17171
17171
11111
17171
17171
17171
17171
17771
11111
11111
11111
17771
11711
11711
11711
17771
11111
17771
11171
17771
17111
17771
11111
11111
11111
17771
17111
17111
17111
17771
11111
17171
17171
17771
17171
17171
11111
17771
17111
07700
17111
17771
11111
17771
17111
17771
17111
17771
11111
17771
11171
17771
17111
17771
11111
17771
17111
17771
17111
17771
11111
07700
07070
07070
07070
07700
00000
00000
11111
17771
17171
17171
17171
17771
11111
17111
17111
17771
17111
17771
11111
17111
17111
17771
17111
17771
11111
11111
17771
34343
43434
33033
33033
33033
43434
34343
30003
30003
30003
34343
11111
11111
10101
10101
10101
10101
10001
11111
11111
11111
11100
01110
00111
00011
00111
01110
11100
11000
11100
01110
00111
00011
00111
01110
11100
11000
11100
01110
00111
00011
00111
01110
11100
11000
11100
01110
00111
00011
00111
01110
01110
01110
01110
01110
11111
00000
00000
07070
07070
07770
07070
07070
00000
07070
07070
07770
07070
07770
00000
07070
07070
07700
07070
07770
00000
07700
07070
07070
07070
07700
00000
00000
07770
07000
07700
07000
07770
00000
07070
07070
07770
07070
07070
00000
00000
00700
00000
00700
00070
00070
07770
00000
51515
15151
51515
15151
51515
15151
51515
15151
END
;
; This is level 10
;
LEVEL=10
;
15151
51515
15151
51515
15151
51515
15151
51515
15151
51515
15151
51515
15151
51515
00033
00333
03330
33300
33000
33300
03330
00333
00033
00333
03330
33300
33000
33300
03330
00111
00033
00333
03330
07770
00000
00000
07770
00000
00000
07770
00000
00000
00070
00000
00000
00700
00000
00000
07000
00000
00100
00111
00001
00001
00001
01111
01000
01000
01000
11011
70007
00000
00000
00100
01110
11011
10001
10001
10001
10001
10001
10001
10001
70000
00000
00000
70000
00000
00000
70000
00000
00000
07000
00000
00000
07770
07770
00000
11011
11011
01010
01010
01010
05050
05050
17171
00000
00000
70707
00000
00000
07070
00000
00000
70707
00000
00000
70707
00000
00000
43434
34343
15151
15151
51515
51515
15151
51515
15151
01010
01010
01010
05050
50505
01010
07070
00000
00000
00700
00000
00000
00700
00000
00000
07070
00000
00000
07070
00000
00000
00001
00001
00001
01111
01000
01000
07000
00000
00000
51515
15151
51515
15151
51515
15151
END
;
; This is level 11
;
LEVEL=11
;
15151
51515
15151
51515
15151
51515
15151
51515
15151
51515
15151
51515
15151
51515
15151
51515
00700
70000
00000
00000
07000
00000
00000
00700
00000
00000
00070
00000
00000
00222
00222
22200
22200
00222
00222
00022
00006
00022
00022
00020
00010
00777
00000
00000
07000
00000
00000
07000
00000
00000
10101
10101
10101
71717
00000
00000
71717
00000
00000
67676
00000
00000
51515
15151
51515
15151
43434
34343
43434
34343
41414
14141
41414
14141
77777
00000
00000
70707
00000
00000
70007
00000
00000
00007
00000
00000
00077
00777
07770
77700
77000
00000
00000
05050
05050
01110
05050
07770
00000
00000
01010
10101
10101
10001
70007
00000
00000
51515
15151
51515
15151
51515
15151
51515
15151
END
;
; This is level 12
;
LEVEL=12
;
15151
51515
15151
51515
15151
51515
15151
51515
15151
51515
15151
51515
15151
51515
15151
51515
10101
10101
10101
10101
17171
17171
71717
57575
72727
67676
76767
72727
75757
57575
57575
57575
72727
07070
70707
07070
70707
07070
70707
07070
07070
70707
07070
70707
07070
70707
07070
70707
70707
27272
70707
27272
70707
27272
70707
27272
03030
03030
03030
03030
03030
03330
00300
00300
00300
00300
03330
03330
33033
03330
03330
00300
03330
33033
33033
33033
03330
33033
33033
03330
02220
22022
22022
20002
20002
20002
20002
00007
00000
00007
00007
00007
00007
70007
70007
70007
70007
41414
41414
41414
77777
00000
00000
07770
07070
07070
07070
07770
00000
07770
07070
07070
07070
07070
00000
07770
07000
07000
07000
07770
00000
07070
07070
07770
07070
07070
00000
10000
10000
11100
00111
00001
00001
00001
00111
00100
00100
00100
01110
01110
11011
11011
11011
01110
01110
11011
11011
11011
30003
30003
30003
33033
33033
33033
30003
30003
30003
30003
00007
00000
07770
17171
71717
07770
71717
17171
07770
17171
42424
24242
42424
24242
42424
24242
42424
END
;
; This is level 13
;
LEVEL=13
;
15151
51515
15151
51515
15151
51515
15151
51515
15151
51515
15151
51515
15151
51515
01000
01000
01000
07000
00000
00000
00700
00000
00000
01010
01010
01010
01010
01010
01010
00010
00010
00010
00010
00111
00111
00100
00100
11100
10000
10000
10000
11000
07000
00000
00000
70000
00000
00000
70000
00000
00000
07000
00000
00000
00700
00000
00000
01010
01010
01010
01010
11110
10000
10000
10000
70000
00000
00000
07000
00000
00000
06660
02220
02220
00200
00333
00033
00033
00333
33300
33300
33300
03333
00003
00003
00003
00003
00003
00003
00001
00001
00007
00000
00000
00070
00000
00000
00700
00000
00000
07000
00000
00000
00700
00000
00000
64646
36363
64646
36363
03030
03030
04040
04040
42424
07070
00000
00000
07070
00000
00000
07000
00000
00000
07000
00000
00000
51515
15151
51515
15151
07070
00000
00000
07070
07070
07770
07070
07070
00000
07770
07000
07770
07000
07770
00000
07770
07000
07000
07000
07000
00000
07770
07000
07770
07000
07770
00000
07070
07070
07070
07070
07770
00000
00000
51515
15151
51515
15151
51515
15151
51515
15151
51515
15151
END
;
; This is level 14
;
LEVEL=14
;
51515
15151
51515
15151
51515
15151
51515
15151
01010
01010
01010
01010
17171
17171
10101
10101
10101
10101
17171
71717
17171
71717
17171
71717
67676
72727
27272
72727
27272
72727
27272
72727
70707
70707
70707
07070
70707
07070
70707
07070
12121
21212
12121
21212
12121
21212
04040
04040
04040
04040
36363
63636
36363
63636
36363
20202
20202
20202
20202
26262
10001
10001
10001
10001
10001
10001
00007
00000
00000
77077
11011
11011
10001
10001
10001
10001
20002
22022
22022
02220
02220
02220
02220
02220
02220
02220
02220
02220
22022
22022
20002
20002
20002
70007
00000
00000
70007
00000
00000
70007
00000
00000
70007
00000
00000
77077
77077
01110
01110
01010
01010
01010
01010
01010
01000
07000
00000
00000
07000
07000
07000
07000
07000
07000
07000
01000
01000
01000
01000
07000
00000
01010
01010
01010
01010
01010
01010
01010
00070
00000
00000
51715
77177
51615
66166
25152
21512
25152
15251
21512
25152
15251
15251
51215
12221
22122
22122
75157
75157
75157
75157
15751
75157
15751
75157
15751
00000
77177
17771
17771
57775
00000
11711
11711
11711
11711
17771
00000
17171
17171
17771
17171
17171
00000
17771
17111
17771
17111
17771
00000
00000
17771
17111
17771
17111
17771
00000
17171
17171
17171
17171
17771
00000
17771
17171
17171
17171
17771
00000
14141
41414
14141
41414
14141
41414
14141
17171
10101
17171
10101
17171
10101
10101
10101
15151
51515
15151
51515
15151
51515
15151
51515
15151
51515
15151
51515
15151
51515
15151
END
